0b000301 0b000401 10000 100 20000000 0 1983649 1680960
0b000501 0b000601 10000 102 20000000 0 1983649 1680960
0b000601 0b000301 10000 103 20000000 0 2027930 1685120
0b000401 0b000501 10000 101 20000000 0 2027930 1685120
0b000301 0b000401 10001 10000 20000000 4027930 1983576 1680960
0b000501 0b000601 10001 10000 20000000 4027930 1983576 1680960
0b000601 0b000301 10001 10000 20000000 3983649 2029010 1685120
0b000401 0b000501 10001 10000 20000000 3983649 2029010 1685120
0b000301 0b000401 10002 10001 20000000 8012659 1983173 1680960
0b000501 0b000601 10002 10001 20000000 8012659 1983173 1680960
0b000601 0b000301 10002 10001 20000000 8011506 2027092 1685120
0b000401 0b000501 10002 10001 20000000 8011506 2027092 1685120
0b000301 0b000401 10003 10002 20000000 12038598 1983665 1680960
0b000501 0b000601 10003 10002 20000000 12038598 1983665 1680960
0b000401 0b000501 10003 10002 20000000 11995832 2028028 1685120
0b000601 0b000301 10003 10002 20000000 11995832 2028028 1685120
