0b000601 0b000301 10000 100 200000 0 47263 25088
0b000401 0b000601 10000 100 200000 0 47263 25088
0b000301 0b000501 10000 100 200000 0 47364 25088
0b000501 0b000401 10000 100 200000 0 47371 25088
0b000601 0b000301 10001 100 200000 543235 35426 25088
0b000401 0b000601 10001 100 200000 543343 47966 25088
0b000301 0b000501 10001 100 200000 543235 48892 25088
0b000501 0b000401 10001 100 200000 1043336 26320 25088
0b000301 0b000501 10002 100 200000 1074413 27319 25088
0b000601 0b000301 10002 100 200000 1087281 27279 25088
0b000401 0b000601 10002 100 200000 1565628 26480 25088
0b000501 0b000401 10002 100 200000 2043336 26242 25088
