0b000001 0b000401 10000 101 20000000 0 1666178 1683040
0b000001 0b000501 10000 101 20000000 0 3338364 1683040
0b000401 0b000001 10000 10001 20000000 3066178 1746253 1683040
0b000001 0b000601 10000 101 20000000 0 5078281 1683040
0b000501 0b000001 10000 10001 20000000 4738364 1814067 1683040
0b000001 0b000701 10000 101 20000000 0 6818281 1683040
0b000601 0b000001 10000 10001 20000000 6278281 1946459 1683040
0b000701 0b000001 10000 10001 20000000 7718281 2166459 1683040
0b000001 0b000401 10002 10001 20000000 10784740 1666178 1683040
0b000001 0b000501 10002 10001 20000000 10784740 3338364 1683040
0b000401 0b000001 10002 10003 20000000 13850918 1811416 1683040
0b000001 0b000601 10002 10001 20000000 10784740 5078281 1683040
0b000501 0b000001 10002 10003 20000000 15523104 2079184 1683040
0b000001 0b000701 10002 10001 20000000 10784740 6818281 1683040
0b000601 0b000001 10002 10003 20000000 17063021 2444293 1683040
0b000701 0b000001 10002 10003 20000000 18503021 2166459 1683040
0b000001 0b000401 10004 10003 20000000 21569480 1666178 1683040
0b000001 0b000501 10004 10003 20000000 21569480 3338364 1683040
0b000401 0b000001 10004 10005 20000000 24635658 1811416 1683040
0b000001 0b000601 10004 10003 20000000 21569480 5078281 1683040
0b000501 0b000001 10004 10005 20000000 26307844 2079184 1683040
0b000001 0b000701 10004 10003 20000000 21569480 6818281 1683040
0b000601 0b000001 10004 10005 20000000 27847761 2444293 1683040
0b000701 0b000001 10004 10005 20000000 29287761 2166459 1683040
0b000001 0b000401 10006 10005 20000000 32354220 1666178 1683040
0b000001 0b000501 10006 10005 20000000 32354220 3338364 1683040
0b000401 0b000001 10006 10007 20000000 35420398 1811416 1683040
0b000001 0b000601 10006 10005 20000000 32354220 5078281 1683040
0b000501 0b000001 10006 10007 20000000 37092584 2079184 1683040
0b000001 0b000701 10006 10005 20000000 32354220 6818281 1683040
0b000601 0b000001 10006 10007 20000000 38632501 2444293 1683040
0b000701 0b000001 10006 10007 20000000 40072501 2166459 1683040
0b000001 0b000401 10008 10007 20000000 43138960 1666178 1683040
0b000001 0b000501 10008 10007 20000000 43138960 3338364 1683040
0b000401 0b000001 10008 10009 20000000 46205138 1811416 1683040
0b000001 0b000601 10008 10007 20000000 43138960 5078281 1683040
0b000501 0b000001 10008 10009 20000000 47877324 2079184 1683040
0b000001 0b000701 10008 10007 20000000 43138960 6818281 1683040
0b000601 0b000001 10008 10009 20000000 49417241 2444293 1683040
0b000701 0b000001 10008 10009 20000000 50857241 2166459 1683040
0b000001 0b000401 10010 10009 20000000 53923700 1666178 1683040
0b000001 0b000501 10010 10009 20000000 53923700 3338364 1683040
0b000401 0b000001 10010 10011 20000000 56989878 1811416 1683040
0b000001 0b000601 10010 10009 20000000 53923700 5078281 1683040
0b000501 0b000001 10010 10011 20000000 58662064 2079184 1683040
0b000001 0b000701 10010 10009 20000000 53923700 6818281 1683040
0b000601 0b000001 10010 10011 20000000 60201981 2444293 1683040
0b000701 0b000001 10010 10011 20000000 61641981 2166459 1683040
0b000001 0b000401 10012 10011 20000000 64708440 1666178 1683040
0b000001 0b000501 10012 10011 20000000 64708440 3338364 1683040
0b000401 0b000001 10012 10013 20000000 67774618 1811416 1683040
0b000001 0b000601 10012 10011 20000000 64708440 5078281 1683040
0b000501 0b000001 10012 10013 20000000 69446804 2079184 1683040
0b000001 0b000701 10012 10011 20000000 64708440 6818281 1683040
0b000601 0b000001 10012 10013 20000000 70986721 2444293 1683040
0b000701 0b000001 10012 10013 20000000 72426721 2166459 1683040
0b000001 0b000401 10014 10013 20000000 75493180 1666178 1683040
0b000001 0b000501 10014 10013 20000000 75493180 3338364 1683040
0b000401 0b000001 10014 10015 20000000 78559358 1811416 1683040
0b000001 0b000601 10014 10013 20000000 75493180 5078281 1683040
0b000501 0b000001 10014 10015 20000000 80231544 2079184 1683040
0b000001 0b000701 10014 10013 20000000 75493180 6818281 1683040
0b000601 0b000001 10014 10015 20000000 81771461 2444293 1683040
0b000701 0b000001 10014 10015 20000000 83211461 2166459 1683040
0b000001 0b000401 10016 10015 20000000 86277920 1666178 1683040
0b000001 0b000501 10016 10015 20000000 86277920 3338364 1683040
0b000401 0b000001 10016 10017 20000000 89344098 1811416 1683040
0b000001 0b000601 10016 10015 20000000 86277920 5078281 1683040
0b000501 0b000001 10016 10017 20000000 91016284 2079184 1683040
0b000001 0b000701 10016 10015 20000000 86277920 6818281 1683040
0b000601 0b000001 10016 10017 20000000 92556201 2444293 1683040
0b000701 0b000001 10016 10017 20000000 93996201 2166459 1683040
0b000001 0b000401 10018 10017 20000000 97062660 1666178 1683040
0b000001 0b000501 10018 10017 20000000 97062660 3338364 1683040
0b000401 0b000001 10018 10019 20000000 100128838 1811416 1683040
0b000001 0b000601 10018 10017 20000000 97062660 5078281 1683040
0b000501 0b000001 10018 10019 20000000 101801024 2079184 1683040
0b000001 0b000701 10018 10017 20000000 97062660 6818281 1683040
0b000601 0b000001 10018 10019 20000000 103340941 2444293 1683040
0b000701 0b000001 10018 10019 20000000 104780941 2166459 1683040
0b000001 0b000401 10020 10019 20000000 107847400 1666178 1683040
0b000001 0b000501 10020 10019 20000000 107847400 3338364 1683040
0b000401 0b000001 10020 10021 20000000 110913578 1811416 1683040
0b000001 0b000601 10020 10019 20000000 107847400 5078281 1683040
0b000501 0b000001 10020 10021 20000000 112585764 2079184 1683040
0b000001 0b000701 10020 10019 20000000 107847400 6818281 1683040
0b000601 0b000001 10020 10021 20000000 114125681 2444293 1683040
0b000701 0b000001 10020 10021 20000000 115565681 2166459 1683040
0b000001 0b000401 10022 10021 20000000 118632140 1666178 1683040
0b000001 0b000501 10022 10021 20000000 118632140 3338364 1683040
0b000401 0b000001 10022 10023 20000000 121698318 1811416 1683040
0b000001 0b000601 10022 10021 20000000 118632140 5078281 1683040
0b000501 0b000001 10022 10023 20000000 123370504 2079184 1683040
0b000001 0b000701 10022 10021 20000000 118632140 6818281 1683040
0b000601 0b000001 10022 10023 20000000 124910421 2444293 1683040
0b000701 0b000001 10022 10023 20000000 126350421 2166459 1683040
0b000001 0b000401 10024 10023 20000000 129416880 1666178 1683040
0b000001 0b000501 10024 10023 20000000 129416880 3338364 1683040
0b000401 0b000001 10024 10025 20000000 132483058 1811416 1683040
0b000001 0b000601 10024 10023 20000000 129416880 5078281 1683040
0b000501 0b000001 10024 10025 20000000 134155244 2079184 1683040
0b000001 0b000701 10024 10023 20000000 129416880 6818281 1683040
0b000601 0b000001 10024 10025 20000000 135695161 2444293 1683040
0b000701 0b000001 10024 10025 20000000 137135161 2166459 1683040
0b000001 0b000401 10026 10025 20000000 140201620 1666178 1683040
0b000001 0b000501 10026 10025 20000000 140201620 3338364 1683040
0b000401 0b000001 10026 10027 20000000 143267798 1811416 1683040
0b000001 0b000601 10026 10025 20000000 140201620 5078281 1683040
0b000501 0b000001 10026 10027 20000000 144939984 2079184 1683040
0b000001 0b000701 10026 10025 20000000 140201620 6818281 1683040
0b000601 0b000001 10026 10027 20000000 146479901 2444293 1683040
0b000701 0b000001 10026 10027 20000000 147919901 2166459 1683040
0b000001 0b000401 10028 10027 20000000 150986360 1666178 1683040
0b000001 0b000501 10028 10027 20000000 150986360 3338364 1683040
0b000401 0b000001 10028 10029 20000000 154052538 1811416 1683040
0b000001 0b000601 10028 10027 20000000 150986360 5078281 1683040
0b000501 0b000001 10028 10029 20000000 155724724 2079184 1683040
0b000001 0b000701 10028 10027 20000000 150986360 6818281 1683040
0b000601 0b000001 10028 10029 20000000 157264641 2444293 1683040
0b000701 0b000001 10028 10029 20000000 158704641 2166459 1683040
0b000001 0b000401 10030 10029 20000000 161771100 1666178 1683040
0b000001 0b000501 10030 10029 20000000 161771100 3338364 1683040
0b000401 0b000001 10030 10031 20000000 164837278 1811416 1683040
0b000001 0b000601 10030 10029 20000000 161771100 5078281 1683040
0b000501 0b000001 10030 10031 20000000 166509464 2079184 1683040
0b000001 0b000701 10030 10029 20000000 161771100 6818281 1683040
0b000601 0b000001 10030 10031 20000000 168049381 2444293 1683040
0b000701 0b000001 10030 10031 20000000 169489381 2166459 1683040
0b000001 0b000401 10032 10031 20000000 172555840 1666178 1683040
0b000001 0b000501 10032 10031 20000000 172555840 3338364 1683040
0b000401 0b000001 10032 10033 20000000 175622018 1811416 1683040
0b000001 0b000601 10032 10031 20000000 172555840 5078281 1683040
0b000501 0b000001 10032 10033 20000000 177294204 2079184 1683040
0b000001 0b000701 10032 10031 20000000 172555840 6818281 1683040
0b000601 0b000001 10032 10033 20000000 178834121 2444293 1683040
0b000701 0b000001 10032 10033 20000000 180274121 2166459 1683040
0b000001 0b000401 10034 10033 20000000 183340580 1666178 1683040
0b000001 0b000501 10034 10033 20000000 183340580 3338364 1683040
0b000401 0b000001 10034 10035 20000000 186406758 1811416 1683040
0b000001 0b000601 10034 10033 20000000 183340580 5078281 1683040
0b000501 0b000001 10034 10035 20000000 188078944 2079184 1683040
0b000001 0b000701 10034 10033 20000000 183340580 6818281 1683040
0b000601 0b000001 10034 10035 20000000 189618861 2444293 1683040
0b000701 0b000001 10034 10035 20000000 191058861 2166459 1683040
0b000001 0b000401 10036 10035 20000000 194125320 1666178 1683040
0b000001 0b000501 10036 10035 20000000 194125320 3338364 1683040
0b000401 0b000001 10036 10037 20000000 197191498 1811416 1683040
0b000001 0b000601 10036 10035 20000000 194125320 5078281 1683040
0b000501 0b000001 10036 10037 20000000 198863684 2079184 1683040
0b000001 0b000701 10036 10035 20000000 194125320 6818281 1683040
0b000601 0b000001 10036 10037 20000000 200403601 2444293 1683040
0b000701 0b000001 10036 10037 20000000 201843601 2166459 1683040
0b000001 0b000401 10038 10037 20000000 204910060 1666178 1683040
0b000001 0b000501 10038 10037 20000000 204910060 3338364 1683040
0b000401 0b000001 10038 10039 20000000 207976238 1811416 1683040
0b000001 0b000601 10038 10037 20000000 204910060 5078281 1683040
0b000501 0b000001 10038 10039 20000000 209648424 2079184 1683040
0b000001 0b000701 10038 10037 20000000 204910060 6818281 1683040
0b000601 0b000001 10038 10039 20000000 211188341 2444293 1683040
0b000701 0b000001 10038 10039 20000000 212628341 2166459 1683040
0b000001 0b000401 10040 10039 20000000 215694800 1666178 1683040
0b000001 0b000501 10040 10039 20000000 215694800 3338364 1683040
0b000401 0b000001 10040 10041 20000000 218760978 1811416 1683040
0b000001 0b000601 10040 10039 20000000 215694800 5078281 1683040
0b000501 0b000001 10040 10041 20000000 220433164 2079184 1683040
0b000001 0b000701 10040 10039 20000000 215694800 6818281 1683040
0b000601 0b000001 10040 10041 20000000 221973081 2444293 1683040
0b000701 0b000001 10040 10041 20000000 223413081 2166459 1683040
0b000001 0b000401 10042 10041 20000000 226479540 1666178 1683040
0b000001 0b000501 10042 10041 20000000 226479540 3338364 1683040
0b000401 0b000001 10042 10043 20000000 229545718 1811416 1683040
0b000001 0b000601 10042 10041 20000000 226479540 5078281 1683040
0b000501 0b000001 10042 10043 20000000 231217904 2079184 1683040
0b000001 0b000701 10042 10041 20000000 226479540 6818281 1683040
0b000601 0b000001 10042 10043 20000000 232757821 2444293 1683040
0b000701 0b000001 10042 10043 20000000 234197821 2166459 1683040
0b000001 0b000401 10044 10043 20000000 237264280 1666178 1683040
0b000001 0b000501 10044 10043 20000000 237264280 3338364 1683040
0b000401 0b000001 10044 10045 20000000 240330458 1811416 1683040
0b000001 0b000601 10044 10043 20000000 237264280 5078281 1683040
0b000501 0b000001 10044 10045 20000000 242002644 2079184 1683040
0b000001 0b000701 10044 10043 20000000 237264280 6818281 1683040
0b000601 0b000001 10044 10045 20000000 243542561 2444293 1683040
0b000701 0b000001 10044 10045 20000000 244982561 2166459 1683040
0b000001 0b000401 10046 10045 20000000 248049020 1666178 1683040
0b000001 0b000501 10046 10045 20000000 248049020 3338364 1683040
0b000401 0b000001 10046 10047 20000000 251115198 1811416 1683040
0b000001 0b000601 10046 10045 20000000 248049020 5078281 1683040
0b000501 0b000001 10046 10047 20000000 252787384 2079184 1683040
0b000001 0b000701 10046 10045 20000000 248049020 6818281 1683040
0b000601 0b000001 10046 10047 20000000 254327301 2444293 1683040
0b000701 0b000001 10046 10047 20000000 255767301 2166459 1683040
0b000001 0b000401 10048 10047 20000000 258833760 1666178 1683040
0b000001 0b000501 10048 10047 20000000 258833760 3338364 1683040
0b000401 0b000001 10048 10049 20000000 261899938 1811416 1683040
0b000001 0b000601 10048 10047 20000000 258833760 5078281 1683040
0b000501 0b000001 10048 10049 20000000 263572124 2079184 1683040
0b000001 0b000701 10048 10047 20000000 258833760 6818281 1683040
0b000601 0b000001 10048 10049 20000000 265112041 2444293 1683040
0b000701 0b000001 10048 10049 20000000 266552041 2166459 1683040
0b000001 0b000401 10050 10049 20000000 269618500 1666178 1683040
0b000001 0b000501 10050 10049 20000000 269618500 3338364 1683040
0b000401 0b000001 10050 10051 20000000 272684678 1811416 1683040
0b000001 0b000601 10050 10049 20000000 269618500 5078281 1683040
0b000501 0b000001 10050 10051 20000000 274356864 2079184 1683040
0b000001 0b000701 10050 10049 20000000 269618500 6818281 1683040
0b000601 0b000001 10050 10051 20000000 275896781 2444293 1683040
0b000701 0b000001 10050 10051 20000000 277336781 2166459 1683040
0b000001 0b000401 10052 10051 20000000 280403240 1666178 1683040
0b000001 0b000501 10052 10051 20000000 280403240 3338364 1683040
0b000401 0b000001 10052 10053 20000000 283469418 1811416 1683040
0b000001 0b000601 10052 10051 20000000 280403240 5078281 1683040
0b000501 0b000001 10052 10053 20000000 285141604 2079184 1683040
0b000001 0b000701 10052 10051 20000000 280403240 6818281 1683040
0b000601 0b000001 10052 10053 20000000 286681521 2444293 1683040
0b000701 0b000001 10052 10053 20000000 288121521 2166459 1683040
0b000001 0b000401 10054 10053 20000000 291187980 1666178 1683040
0b000001 0b000501 10054 10053 20000000 291187980 3338364 1683040
0b000401 0b000001 10054 10055 20000000 294254158 1811416 1683040
0b000001 0b000601 10054 10053 20000000 291187980 5078281 1683040
0b000501 0b000001 10054 10055 20000000 295926344 2079184 1683040
0b000001 0b000701 10054 10053 20000000 291187980 6818281 1683040
0b000601 0b000001 10054 10055 20000000 297466261 2444293 1683040
0b000701 0b000001 10054 10055 20000000 298906261 2166459 1683040
0b000001 0b000401 10056 10055 20000000 301972720 1666178 1683040
0b000001 0b000501 10056 10055 20000000 301972720 3338364 1683040
0b000401 0b000001 10056 10057 20000000 305038898 1811416 1683040
0b000001 0b000601 10056 10055 20000000 301972720 5078281 1683040
0b000501 0b000001 10056 10057 20000000 306711084 2079184 1683040
0b000001 0b000701 10056 10055 20000000 301972720 6818281 1683040
0b000601 0b000001 10056 10057 20000000 308251001 2444293 1683040
0b000701 0b000001 10056 10057 20000000 309691001 2166459 1683040
0b000001 0b000401 10058 10057 20000000 312757460 1666178 1683040
0b000001 0b000501 10058 10057 20000000 312757460 3338364 1683040
0b000401 0b000001 10058 10059 20000000 315823638 1811416 1683040
0b000001 0b000601 10058 10057 20000000 312757460 5078281 1683040
0b000501 0b000001 10058 10059 20000000 317495824 2079184 1683040
0b000001 0b000701 10058 10057 20000000 312757460 6818281 1683040
0b000601 0b000001 10058 10059 20000000 319035741 2444293 1683040
0b000701 0b000001 10058 10059 20000000 320475741 2166459 1683040
0b000001 0b000401 10060 10059 20000000 323542200 1666178 1683040
0b000001 0b000501 10060 10059 20000000 323542200 3338364 1683040
0b000401 0b000001 10060 10061 20000000 326608378 1811416 1683040
0b000001 0b000601 10060 10059 20000000 323542200 5078281 1683040
0b000501 0b000001 10060 10061 20000000 328280564 2079184 1683040
0b000001 0b000701 10060 10059 20000000 323542200 6818281 1683040
0b000601 0b000001 10060 10061 20000000 329820481 2444293 1683040
0b000701 0b000001 10060 10061 20000000 331260481 2166459 1683040
0b000001 0b000401 10062 10061 20000000 334326940 1666178 1683040
0b000001 0b000501 10062 10061 20000000 334326940 3338364 1683040
0b000401 0b000001 10062 10063 20000000 337393118 1811416 1683040
0b000001 0b000601 10062 10061 20000000 334326940 5078281 1683040
0b000501 0b000001 10062 10063 20000000 339065304 2079184 1683040
0b000001 0b000701 10062 10061 20000000 334326940 6818281 1683040
0b000601 0b000001 10062 10063 20000000 340605221 2444293 1683040
0b000701 0b000001 10062 10063 20000000 342045221 2166459 1683040
0b000001 0b000401 10064 10063 20000000 345111680 1666178 1683040
0b000001 0b000501 10064 10063 20000000 345111680 3338364 1683040
0b000401 0b000001 10064 10065 20000000 348177858 1811416 1683040
0b000001 0b000601 10064 10063 20000000 345111680 5078281 1683040
0b000501 0b000001 10064 10065 20000000 349850044 2079184 1683040
0b000001 0b000701 10064 10063 20000000 345111680 6818281 1683040
0b000601 0b000001 10064 10065 20000000 351389961 2444293 1683040
0b000701 0b000001 10064 10065 20000000 352829961 2166459 1683040
0b000001 0b000401 10066 10065 20000000 355896420 1666178 1683040
0b000001 0b000501 10066 10065 20000000 355896420 3338364 1683040
0b000401 0b000001 10066 10067 20000000 358962598 1811416 1683040
0b000001 0b000601 10066 10065 20000000 355896420 5078281 1683040
0b000501 0b000001 10066 10067 20000000 360634784 2079184 1683040
0b000001 0b000701 10066 10065 20000000 355896420 6818281 1683040
0b000601 0b000001 10066 10067 20000000 362174701 2444293 1683040
0b000701 0b000001 10066 10067 20000000 363614701 2166459 1683040
0b000001 0b000401 10068 10067 20000000 366681160 1666178 1683040
0b000001 0b000501 10068 10067 20000000 366681160 3338364 1683040
0b000401 0b000001 10068 10069 20000000 369747338 1811416 1683040
0b000001 0b000601 10068 10067 20000000 366681160 5078281 1683040
0b000501 0b000001 10068 10069 20000000 371419524 2079184 1683040
0b000001 0b000701 10068 10067 20000000 366681160 6818281 1683040
0b000601 0b000001 10068 10069 20000000 372959441 2444293 1683040
0b000701 0b000001 10068 10069 20000000 374399441 2166459 1683040
0b000001 0b000401 10070 10069 20000000 377465900 1666178 1683040
0b000001 0b000501 10070 10069 20000000 377465900 3338364 1683040
0b000401 0b000001 10070 10071 20000000 380532078 1811416 1683040
0b000001 0b000601 10070 10069 20000000 377465900 5078281 1683040
0b000501 0b000001 10070 10071 20000000 382204264 2079184 1683040
0b000001 0b000701 10070 10069 20000000 377465900 6818281 1683040
0b000601 0b000001 10070 10071 20000000 383744181 2444293 1683040
0b000701 0b000001 10070 10071 20000000 385184181 2166459 1683040
0b000001 0b000401 10072 10071 20000000 388250640 1666178 1683040
0b000001 0b000501 10072 10071 20000000 388250640 3338364 1683040
0b000401 0b000001 10072 10073 20000000 391316818 1811416 1683040
0b000001 0b000601 10072 10071 20000000 388250640 5078281 1683040
0b000501 0b000001 10072 10073 20000000 392989004 2079184 1683040
0b000001 0b000701 10072 10071 20000000 388250640 6818281 1683040
0b000601 0b000001 10072 10073 20000000 394528921 2444293 1683040
0b000701 0b000001 10072 10073 20000000 395968921 2166459 1683040
0b000001 0b000401 10074 10073 20000000 399035380 1666178 1683040
0b000001 0b000501 10074 10073 20000000 399035380 3338364 1683040
0b000401 0b000001 10074 10075 20000000 402101558 1811416 1683040
0b000001 0b000601 10074 10073 20000000 399035380 5078281 1683040
0b000501 0b000001 10074 10075 20000000 403773744 2079184 1683040
0b000001 0b000701 10074 10073 20000000 399035380 6818281 1683040
0b000601 0b000001 10074 10075 20000000 405313661 2444293 1683040
0b000701 0b000001 10074 10075 20000000 406753661 2166459 1683040
0b000001 0b000401 10076 10075 20000000 409820120 1666178 1683040
0b000001 0b000501 10076 10075 20000000 409820120 3338364 1683040
0b000401 0b000001 10076 10077 20000000 412886298 1811416 1683040
0b000001 0b000601 10076 10075 20000000 409820120 5078281 1683040
0b000501 0b000001 10076 10077 20000000 414558484 2079184 1683040
0b000001 0b000701 10076 10075 20000000 409820120 6818281 1683040
0b000601 0b000001 10076 10077 20000000 416098401 2444293 1683040
0b000701 0b000001 10076 10077 20000000 417538401 2166459 1683040
0b000001 0b000401 10078 10077 20000000 420604860 1666178 1683040
0b000001 0b000501 10078 10077 20000000 420604860 3338364 1683040
0b000401 0b000001 10078 10079 20000000 423671038 1811416 1683040
0b000001 0b000601 10078 10077 20000000 420604860 5078281 1683040
0b000501 0b000001 10078 10079 20000000 425343224 2079184 1683040
0b000001 0b000701 10078 10077 20000000 420604860 6818281 1683040
0b000601 0b000001 10078 10079 20000000 426883141 2444293 1683040
0b000701 0b000001 10078 10079 20000000 428323141 2166459 1683040
0b000001 0b000401 10080 10079 20000000 431389600 1666178 1683040
0b000001 0b000501 10080 10079 20000000 431389600 3338364 1683040
0b000401 0b000001 10080 10081 20000000 434455778 1811416 1683040
0b000001 0b000601 10080 10079 20000000 431389600 5078281 1683040
0b000501 0b000001 10080 10081 20000000 436127964 2079184 1683040
0b000001 0b000701 10080 10079 20000000 431389600 6818281 1683040
0b000601 0b000001 10080 10081 20000000 437667881 2444293 1683040
0b000701 0b000001 10080 10081 20000000 439107881 2166459 1683040
0b000001 0b000401 10082 10081 20000000 442174340 1666178 1683040
0b000001 0b000501 10082 10081 20000000 442174340 3338364 1683040
0b000401 0b000001 10082 10083 20000000 445240518 1811416 1683040
0b000001 0b000601 10082 10081 20000000 442174340 5078281 1683040
0b000501 0b000001 10082 10083 20000000 446912704 2079184 1683040
0b000001 0b000701 10082 10081 20000000 442174340 6818281 1683040
0b000601 0b000001 10082 10083 20000000 448452621 2444293 1683040
0b000701 0b000001 10082 10083 20000000 449892621 2166459 1683040
0b000001 0b000401 10084 10083 20000000 452959080 1666178 1683040
0b000001 0b000501 10084 10083 20000000 452959080 3338364 1683040
0b000401 0b000001 10084 10085 20000000 456025258 1811416 1683040
0b000001 0b000601 10084 10083 20000000 452959080 5078281 1683040
0b000501 0b000001 10084 10085 20000000 457697444 2079184 1683040
0b000001 0b000701 10084 10083 20000000 452959080 6818281 1683040
0b000601 0b000001 10084 10085 20000000 459237361 2444293 1683040
0b000701 0b000001 10084 10085 20000000 460677361 2166459 1683040
0b000001 0b000401 10086 10085 20000000 463743820 1666178 1683040
0b000001 0b000501 10086 10085 20000000 463743820 3338364 1683040
0b000401 0b000001 10086 10087 20000000 466809998 1811416 1683040
0b000001 0b000601 10086 10085 20000000 463743820 5078281 1683040
0b000501 0b000001 10086 10087 20000000 468482184 2079184 1683040
0b000001 0b000701 10086 10085 20000000 463743820 6818281 1683040
0b000601 0b000001 10086 10087 20000000 470022101 2444293 1683040
0b000701 0b000001 10086 10087 20000000 471462101 2166459 1683040
0b000001 0b000401 10088 10087 20000000 474528560 1666178 1683040
0b000001 0b000501 10088 10087 20000000 474528560 3338364 1683040
0b000401 0b000001 10088 10089 20000000 477594738 1811416 1683040
0b000001 0b000601 10088 10087 20000000 474528560 5078281 1683040
0b000501 0b000001 10088 10089 20000000 479266924 2079184 1683040
0b000001 0b000701 10088 10087 20000000 474528560 6818281 1683040
0b000601 0b000001 10088 10089 20000000 480806841 2444293 1683040
0b000701 0b000001 10088 10089 20000000 482246841 2166459 1683040
0b000001 0b000401 10090 10089 20000000 485313300 1666178 1683040
0b000001 0b000501 10090 10089 20000000 485313300 3338364 1683040
0b000401 0b000001 10090 10091 20000000 488379478 1811416 1683040
0b000001 0b000601 10090 10089 20000000 485313300 5078281 1683040
0b000501 0b000001 10090 10091 20000000 490051664 2079184 1683040
0b000001 0b000701 10090 10089 20000000 485313300 6818281 1683040
0b000601 0b000001 10090 10091 20000000 491591581 2444293 1683040
0b000701 0b000001 10090 10091 20000000 493031581 2166459 1683040
0b000001 0b000401 10092 10091 20000000 496098040 1666178 1683040
0b000001 0b000501 10092 10091 20000000 496098040 3338364 1683040
0b000401 0b000001 10092 10093 20000000 499164218 1811416 1683040
0b000001 0b000601 10092 10091 20000000 496098040 5078281 1683040
0b000501 0b000001 10092 10093 20000000 500836404 2079184 1683040
0b000001 0b000701 10092 10091 20000000 496098040 6818281 1683040
0b000601 0b000001 10092 10093 20000000 502376321 2444293 1683040
0b000701 0b000001 10092 10093 20000000 503816321 2166459 1683040
0b000001 0b000401 10094 10093 20000000 506882780 1666178 1683040
0b000001 0b000501 10094 10093 20000000 506882780 3338364 1683040
0b000401 0b000001 10094 10095 20000000 509948958 1811416 1683040
0b000001 0b000601 10094 10093 20000000 506882780 5078281 1683040
0b000501 0b000001 10094 10095 20000000 511621144 2079184 1683040
0b000001 0b000701 10094 10093 20000000 506882780 6818281 1683040
0b000601 0b000001 10094 10095 20000000 513161061 2444293 1683040
0b000701 0b000001 10094 10095 20000000 514601061 2166459 1683040
0b000001 0b000401 10096 10095 20000000 517667520 1666178 1683040
0b000001 0b000501 10096 10095 20000000 517667520 3338364 1683040
0b000401 0b000001 10096 10097 20000000 520733698 1811416 1683040
0b000001 0b000601 10096 10095 20000000 517667520 5078281 1683040
0b000501 0b000001 10096 10097 20000000 522405884 2079184 1683040
0b000001 0b000701 10096 10095 20000000 517667520 6818281 1683040
0b000601 0b000001 10096 10097 20000000 523945801 2444293 1683040
0b000701 0b000001 10096 10097 20000000 525385801 2166459 1683040
0b000001 0b000401 10098 10097 20000000 528452260 1666178 1683040
0b000001 0b000501 10098 10097 20000000 528452260 3338364 1683040
0b000401 0b000001 10098 10099 20000000 531518438 1811416 1683040
0b000001 0b000601 10098 10097 20000000 528452260 5078281 1683040
0b000501 0b000001 10098 10099 20000000 533190624 2079184 1683040
0b000001 0b000701 10098 10097 20000000 528452260 6818281 1683040
0b000601 0b000001 10098 10099 20000000 534730541 2444293 1683040
0b000701 0b000001 10098 10099 20000000 536170541 2166459 1683040
0b000001 0b000401 10100 10099 20000000 539237000 1666178 1683040
0b000001 0b000501 10100 10099 20000000 539237000 3338364 1683040
0b000401 0b000001 10100 10101 20000000 542303178 1811416 1683040
0b000001 0b000601 10100 10099 20000000 539237000 5078281 1683040
0b000501 0b000001 10100 10101 20000000 543975364 2079184 1683040
0b000001 0b000701 10100 10099 20000000 539237000 6818281 1683040
0b000601 0b000001 10100 10101 20000000 545515281 2444293 1683040
0b000701 0b000001 10100 10101 20000000 546955281 2166459 1683040
0b000001 0b000401 10102 10101 20000000 550021740 1666178 1683040
0b000001 0b000501 10102 10101 20000000 550021740 3338364 1683040
0b000401 0b000001 10102 10103 20000000 553087918 1811416 1683040
0b000001 0b000601 10102 10101 20000000 550021740 5078281 1683040
0b000501 0b000001 10102 10103 20000000 554760104 2079184 1683040
0b000001 0b000701 10102 10101 20000000 550021740 6818281 1683040
0b000601 0b000001 10102 10103 20000000 556300021 2444293 1683040
0b000701 0b000001 10102 10103 20000000 557740021 2166459 1683040
0b000001 0b000401 10104 10103 20000000 560806480 1666178 1683040
0b000001 0b000501 10104 10103 20000000 560806480 3338364 1683040
0b000401 0b000001 10104 10105 20000000 563872658 1811416 1683040
0b000001 0b000601 10104 10103 20000000 560806480 5078281 1683040
0b000501 0b000001 10104 10105 20000000 565544844 2079184 1683040
0b000001 0b000701 10104 10103 20000000 560806480 6818281 1683040
0b000601 0b000001 10104 10105 20000000 567084761 2444293 1683040
0b000701 0b000001 10104 10105 20000000 568524761 2166459 1683040
0b000001 0b000401 10106 10105 20000000 571591220 1666178 1683040
0b000001 0b000501 10106 10105 20000000 571591220 3338364 1683040
0b000401 0b000001 10106 10107 20000000 574657398 1811416 1683040
0b000001 0b000601 10106 10105 20000000 571591220 5078281 1683040
0b000501 0b000001 10106 10107 20000000 576329584 2079184 1683040
0b000001 0b000701 10106 10105 20000000 571591220 6818281 1683040
0b000601 0b000001 10106 10107 20000000 577869501 2444293 1683040
0b000701 0b000001 10106 10107 20000000 579309501 2166459 1683040
0b000001 0b000401 10108 10107 20000000 582375960 1666178 1683040
0b000001 0b000501 10108 10107 20000000 582375960 3338364 1683040
0b000401 0b000001 10108 10109 20000000 585442138 1811416 1683040
0b000001 0b000601 10108 10107 20000000 582375960 5078281 1683040
0b000501 0b000001 10108 10109 20000000 587114324 2079184 1683040
0b000001 0b000701 10108 10107 20000000 582375960 6818281 1683040
0b000601 0b000001 10108 10109 20000000 588654241 2444293 1683040
0b000701 0b000001 10108 10109 20000000 590094241 2166459 1683040
0b000001 0b000401 10110 10109 20000000 593160700 1666178 1683040
0b000001 0b000501 10110 10109 20000000 593160700 3338364 1683040
0b000401 0b000001 10110 10111 20000000 596226878 1811416 1683040
0b000001 0b000601 10110 10109 20000000 593160700 5078281 1683040
0b000501 0b000001 10110 10111 20000000 597899064 2079184 1683040
0b000001 0b000701 10110 10109 20000000 593160700 6818281 1683040
0b000601 0b000001 10110 10111 20000000 599438981 2444293 1683040
0b000701 0b000001 10110 10111 20000000 600878981 2166459 1683040
0b000001 0b000401 10112 10111 20000000 603945440 1666178 1683040
0b000001 0b000501 10112 10111 20000000 603945440 3338364 1683040
0b000401 0b000001 10112 10113 20000000 607011618 1811416 1683040
0b000001 0b000601 10112 10111 20000000 603945440 5078281 1683040
0b000501 0b000001 10112 10113 20000000 608683804 2079184 1683040
0b000001 0b000701 10112 10111 20000000 603945440 6818281 1683040
0b000601 0b000001 10112 10113 20000000 610223721 2444293 1683040
0b000701 0b000001 10112 10113 20000000 611663721 2166459 1683040
0b000001 0b000401 10114 10113 20000000 614730180 1666178 1683040
0b000001 0b000501 10114 10113 20000000 614730180 3338364 1683040
0b000401 0b000001 10114 10115 20000000 617796358 1811416 1683040
0b000001 0b000601 10114 10113 20000000 614730180 5078281 1683040
0b000501 0b000001 10114 10115 20000000 619468544 2079184 1683040
0b000001 0b000701 10114 10113 20000000 614730180 6818281 1683040
0b000601 0b000001 10114 10115 20000000 621008461 2444293 1683040
0b000701 0b000001 10114 10115 20000000 622448461 2166459 1683040
0b000001 0b000401 10116 10115 20000000 625514920 1666178 1683040
0b000001 0b000501 10116 10115 20000000 625514920 3338364 1683040
0b000401 0b000001 10116 10117 20000000 628581098 1811416 1683040
0b000001 0b000601 10116 10115 20000000 625514920 5078281 1683040
0b000501 0b000001 10116 10117 20000000 630253284 2079184 1683040
0b000001 0b000701 10116 10115 20000000 625514920 6818281 1683040
0b000601 0b000001 10116 10117 20000000 631793201 2444293 1683040
0b000701 0b000001 10116 10117 20000000 633233201 2166459 1683040
0b000001 0b000401 10118 10117 20000000 636299660 1666178 1683040
0b000001 0b000501 10118 10117 20000000 636299660 3338364 1683040
0b000401 0b000001 10118 10119 20000000 639365838 1811416 1683040
0b000001 0b000601 10118 10117 20000000 636299660 5078281 1683040
0b000501 0b000001 10118 10119 20000000 641038024 2079184 1683040
0b000001 0b000701 10118 10117 20000000 636299660 6818281 1683040
0b000601 0b000001 10118 10119 20000000 642577941 2444293 1683040
0b000701 0b000001 10118 10119 20000000 644017941 2166459 1683040
0b000001 0b000401 10120 10119 20000000 647084400 1666178 1683040
0b000001 0b000501 10120 10119 20000000 647084400 3338364 1683040
0b000401 0b000001 10120 10121 20000000 650150578 1811416 1683040
0b000001 0b000601 10120 10119 20000000 647084400 5078281 1683040
0b000501 0b000001 10120 10121 20000000 651822764 2079184 1683040
0b000001 0b000701 10120 10119 20000000 647084400 6818281 1683040
0b000601 0b000001 10120 10121 20000000 653362681 2444293 1683040
0b000701 0b000001 10120 10121 20000000 654802681 2166459 1683040
0b000001 0b000401 10122 10121 20000000 657869140 1666178 1683040
0b000001 0b000501 10122 10121 20000000 657869140 3338364 1683040
0b000401 0b000001 10122 10123 20000000 660935318 1811416 1683040
0b000001 0b000601 10122 10121 20000000 657869140 5078281 1683040
0b000501 0b000001 10122 10123 20000000 662607504 2079184 1683040
0b000001 0b000701 10122 10121 20000000 657869140 6818281 1683040
0b000601 0b000001 10122 10123 20000000 664147421 2444293 1683040
0b000701 0b000001 10122 10123 20000000 665587421 2166459 1683040
0b000001 0b000401 10124 10123 20000000 668653880 1666178 1683040
0b000001 0b000501 10124 10123 20000000 668653880 3338364 1683040
0b000401 0b000001 10124 10125 20000000 671720058 1811416 1683040
0b000001 0b000601 10124 10123 20000000 668653880 5078281 1683040
0b000501 0b000001 10124 10125 20000000 673392244 2079184 1683040
0b000001 0b000701 10124 10123 20000000 668653880 6818281 1683040
0b000601 0b000001 10124 10125 20000000 674932161 2444293 1683040
0b000701 0b000001 10124 10125 20000000 676372161 2166459 1683040
0b000001 0b000401 10126 10125 20000000 679438620 1666178 1683040
0b000001 0b000501 10126 10125 20000000 679438620 3338364 1683040
0b000401 0b000001 10126 10127 20000000 682504798 1811416 1683040
0b000001 0b000601 10126 10125 20000000 679438620 5078281 1683040
0b000501 0b000001 10126 10127 20000000 684176984 2079184 1683040
0b000001 0b000701 10126 10125 20000000 679438620 6818281 1683040
0b000601 0b000001 10126 10127 20000000 685716901 2444293 1683040
0b000701 0b000001 10126 10127 20000000 687156901 2166459 1683040
0b000001 0b000401 10128 10127 20000000 690223360 1666178 1683040
0b000001 0b000501 10128 10127 20000000 690223360 3338364 1683040
0b000401 0b000001 10128 10129 20000000 693289538 1811416 1683040
0b000001 0b000601 10128 10127 20000000 690223360 5078281 1683040
0b000501 0b000001 10128 10129 20000000 694961724 2079184 1683040
0b000001 0b000701 10128 10127 20000000 690223360 6818281 1683040
0b000601 0b000001 10128 10129 20000000 696501641 2444293 1683040
0b000701 0b000001 10128 10129 20000000 697941641 2166459 1683040
0b000001 0b000401 10130 10129 20000000 701008100 1666178 1683040
0b000001 0b000501 10130 10129 20000000 701008100 3338364 1683040
0b000401 0b000001 10130 10131 20000000 704074278 1811416 1683040
0b000001 0b000601 10130 10129 20000000 701008100 5078281 1683040
0b000501 0b000001 10130 10131 20000000 705746464 2079184 1683040
0b000001 0b000701 10130 10129 20000000 701008100 6818281 1683040
0b000601 0b000001 10130 10131 20000000 707286381 2444293 1683040
0b000701 0b000001 10130 10131 20000000 708726381 2166459 1683040
0b000001 0b000401 10132 10131 20000000 711792840 1666178 1683040
0b000001 0b000501 10132 10131 20000000 711792840 3338364 1683040
0b000401 0b000001 10132 10133 20000000 714859018 1811416 1683040
0b000001 0b000601 10132 10131 20000000 711792840 5078281 1683040
0b000501 0b000001 10132 10133 20000000 716531204 2079184 1683040
0b000001 0b000701 10132 10131 20000000 711792840 6818281 1683040
0b000601 0b000001 10132 10133 20000000 718071121 2444293 1683040
0b000701 0b000001 10132 10133 20000000 719511121 2166459 1683040
0b000001 0b000401 10134 10133 20000000 722577580 1666178 1683040
0b000001 0b000501 10134 10133 20000000 722577580 3338364 1683040
0b000401 0b000001 10134 10135 20000000 725643758 1811416 1683040
0b000001 0b000601 10134 10133 20000000 722577580 5078281 1683040
0b000501 0b000001 10134 10135 20000000 727315944 2079184 1683040
0b000001 0b000701 10134 10133 20000000 722577580 6818281 1683040
0b000601 0b000001 10134 10135 20000000 728855861 2444293 1683040
0b000701 0b000001 10134 10135 20000000 730295861 2166459 1683040
0b000001 0b000401 10136 10135 20000000 733362320 1666178 1683040
0b000001 0b000501 10136 10135 20000000 733362320 3338364 1683040
0b000401 0b000001 10136 10137 20000000 736428498 1811416 1683040
0b000001 0b000601 10136 10135 20000000 733362320 5078281 1683040
0b000501 0b000001 10136 10137 20000000 738100684 2079184 1683040
0b000001 0b000701 10136 10135 20000000 733362320 6818281 1683040
0b000601 0b000001 10136 10137 20000000 739640601 2444293 1683040
0b000701 0b000001 10136 10137 20000000 741080601 2166459 1683040
0b000001 0b000401 10138 10137 20000000 744147060 1666178 1683040
0b000001 0b000501 10138 10137 20000000 744147060 3338364 1683040
0b000401 0b000001 10138 10139 20000000 747213238 1811416 1683040
0b000001 0b000601 10138 10137 20000000 744147060 5078281 1683040
0b000501 0b000001 10138 10139 20000000 748885424 2079184 1683040
0b000001 0b000701 10138 10137 20000000 744147060 6818281 1683040
0b000601 0b000001 10138 10139 20000000 750425341 2444293 1683040
0b000701 0b000001 10138 10139 20000000 751865341 2166459 1683040
0b000001 0b000401 10140 10139 20000000 754931800 1666178 1683040
0b000001 0b000501 10140 10139 20000000 754931800 3338364 1683040
0b000401 0b000001 10140 10141 20000000 757997978 1811416 1683040
0b000001 0b000601 10140 10139 20000000 754931800 5078281 1683040
0b000501 0b000001 10140 10141 20000000 759670164 2079184 1683040
0b000001 0b000701 10140 10139 20000000 754931800 6818281 1683040
0b000601 0b000001 10140 10141 20000000 761210081 2444293 1683040
0b000701 0b000001 10140 10141 20000000 762650081 2166459 1683040
0b000001 0b000401 10142 10141 20000000 765716540 1666178 1683040
0b000001 0b000501 10142 10141 20000000 765716540 3338364 1683040
0b000401 0b000001 10142 10143 20000000 768782718 1811416 1683040
0b000001 0b000601 10142 10141 20000000 765716540 5078281 1683040
0b000501 0b000001 10142 10143 20000000 770454904 2079184 1683040
0b000001 0b000701 10142 10141 20000000 765716540 6818281 1683040
0b000601 0b000001 10142 10143 20000000 771994821 2444293 1683040
0b000701 0b000001 10142 10143 20000000 773434821 2166459 1683040
0b000001 0b000401 10144 10143 20000000 776501280 1666178 1683040
0b000001 0b000501 10144 10143 20000000 776501280 3338364 1683040
0b000401 0b000001 10144 10145 20000000 779567458 1811416 1683040
0b000001 0b000601 10144 10143 20000000 776501280 5078281 1683040
0b000501 0b000001 10144 10145 20000000 781239644 2079184 1683040
0b000001 0b000701 10144 10143 20000000 776501280 6818281 1683040
0b000601 0b000001 10144 10145 20000000 782779561 2444293 1683040
0b000701 0b000001 10144 10145 20000000 784219561 2166459 1683040
0b000001 0b000401 10146 10145 20000000 787286020 1666178 1683040
0b000001 0b000501 10146 10145 20000000 787286020 3338364 1683040
0b000401 0b000001 10146 10147 20000000 790352198 1811416 1683040
0b000001 0b000601 10146 10145 20000000 787286020 5078281 1683040
0b000501 0b000001 10146 10147 20000000 792024384 2079184 1683040
0b000001 0b000701 10146 10145 20000000 787286020 6818281 1683040
0b000601 0b000001 10146 10147 20000000 793564301 2444293 1683040
0b000701 0b000001 10146 10147 20000000 795004301 2166459 1683040
0b000001 0b000401 10148 10147 20000000 798070760 1666178 1683040
0b000001 0b000501 10148 10147 20000000 798070760 3338364 1683040
0b000401 0b000001 10148 10149 20000000 801136938 1811416 1683040
0b000001 0b000601 10148 10147 20000000 798070760 5078281 1683040
0b000501 0b000001 10148 10149 20000000 802809124 2079184 1683040
0b000001 0b000701 10148 10147 20000000 798070760 6818281 1683040
0b000601 0b000001 10148 10149 20000000 804349041 2444293 1683040
0b000701 0b000001 10148 10149 20000000 805789041 2166459 1683040
0b000001 0b000401 10150 10149 20000000 808855500 1666178 1683040
0b000001 0b000501 10150 10149 20000000 808855500 3338364 1683040
0b000401 0b000001 10150 10151 20000000 811921678 1811416 1683040
0b000001 0b000601 10150 10149 20000000 808855500 5078281 1683040
0b000501 0b000001 10150 10151 20000000 813593864 2079184 1683040
0b000001 0b000701 10150 10149 20000000 808855500 6818281 1683040
0b000601 0b000001 10150 10151 20000000 815133781 2444293 1683040
0b000701 0b000001 10150 10151 20000000 816573781 2166459 1683040
0b000001 0b000401 10152 10151 20000000 819640240 1666178 1683040
0b000001 0b000501 10152 10151 20000000 819640240 3338364 1683040
0b000401 0b000001 10152 10153 20000000 822706418 1811416 1683040
0b000001 0b000601 10152 10151 20000000 819640240 5078281 1683040
0b000501 0b000001 10152 10153 20000000 824378604 2079184 1683040
0b000001 0b000701 10152 10151 20000000 819640240 6818281 1683040
0b000601 0b000001 10152 10153 20000000 825918521 2444293 1683040
0b000701 0b000001 10152 10153 20000000 827358521 2166459 1683040
0b000001 0b000401 10154 10153 20000000 830424980 1666178 1683040
0b000001 0b000501 10154 10153 20000000 830424980 3338364 1683040
0b000401 0b000001 10154 10155 20000000 833491158 1811416 1683040
0b000001 0b000601 10154 10153 20000000 830424980 5078281 1683040
0b000501 0b000001 10154 10155 20000000 835163344 2079184 1683040
0b000001 0b000701 10154 10153 20000000 830424980 6818281 1683040
0b000601 0b000001 10154 10155 20000000 836703261 2444293 1683040
0b000701 0b000001 10154 10155 20000000 838143261 2166459 1683040
0b000001 0b000401 10156 10155 20000000 841209720 1666178 1683040
0b000001 0b000501 10156 10155 20000000 841209720 3338364 1683040
0b000401 0b000001 10156 10157 20000000 844275898 1811416 1683040
0b000001 0b000601 10156 10155 20000000 841209720 5078281 1683040
0b000501 0b000001 10156 10157 20000000 845948084 2079184 1683040
0b000001 0b000701 10156 10155 20000000 841209720 6818281 1683040
0b000601 0b000001 10156 10157 20000000 847488001 2444293 1683040
0b000701 0b000001 10156 10157 20000000 848928001 2166459 1683040
0b000001 0b000401 10158 10157 20000000 851994460 1666178 1683040
0b000001 0b000501 10158 10157 20000000 851994460 3338364 1683040
0b000401 0b000001 10158 10159 20000000 855060638 1811416 1683040
0b000001 0b000601 10158 10157 20000000 851994460 5078281 1683040
0b000501 0b000001 10158 10159 20000000 856732824 2079184 1683040
0b000001 0b000701 10158 10157 20000000 851994460 6818281 1683040
0b000601 0b000001 10158 10159 20000000 858272741 2444293 1683040
0b000701 0b000001 10158 10159 20000000 859712741 2166459 1683040
0b000001 0b000401 10160 10159 20000000 862779200 1666178 1683040
0b000001 0b000501 10160 10159 20000000 862779200 3338364 1683040
0b000401 0b000001 10160 10161 20000000 865845378 1811416 1683040
0b000001 0b000601 10160 10159 20000000 862779200 5078281 1683040
0b000501 0b000001 10160 10161 20000000 867517564 2079184 1683040
0b000001 0b000701 10160 10159 20000000 862779200 6818281 1683040
0b000601 0b000001 10160 10161 20000000 869057481 2444293 1683040
0b000701 0b000001 10160 10161 20000000 870497481 2166459 1683040
0b000001 0b000401 10162 10161 20000000 873563940 1666178 1683040
0b000001 0b000501 10162 10161 20000000 873563940 3338364 1683040
0b000401 0b000001 10162 10163 20000000 876630118 1811416 1683040
0b000001 0b000601 10162 10161 20000000 873563940 5078281 1683040
0b000501 0b000001 10162 10163 20000000 878302304 2079184 1683040
0b000001 0b000701 10162 10161 20000000 873563940 6818281 1683040
0b000601 0b000001 10162 10163 20000000 879842221 2444293 1683040
0b000701 0b000001 10162 10163 20000000 881282221 2166459 1683040
0b000001 0b000401 10164 10163 20000000 884348680 1666178 1683040
0b000001 0b000501 10164 10163 20000000 884348680 3338364 1683040
0b000401 0b000001 10164 10165 20000000 887414858 1811416 1683040
0b000001 0b000601 10164 10163 20000000 884348680 5078281 1683040
0b000501 0b000001 10164 10165 20000000 889087044 2079184 1683040
0b000001 0b000701 10164 10163 20000000 884348680 6818281 1683040
0b000601 0b000001 10164 10165 20000000 890626961 2444293 1683040
0b000701 0b000001 10164 10165 20000000 892066961 2166459 1683040
0b000001 0b000401 10166 10165 20000000 895133420 1666178 1683040
0b000001 0b000501 10166 10165 20000000 895133420 3338364 1683040
0b000401 0b000001 10166 10167 20000000 898199598 1811416 1683040
0b000001 0b000601 10166 10165 20000000 895133420 5078281 1683040
0b000501 0b000001 10166 10167 20000000 899871784 2079184 1683040
0b000001 0b000701 10166 10165 20000000 895133420 6818281 1683040
0b000601 0b000001 10166 10167 20000000 901411701 2444293 1683040
0b000701 0b000001 10166 10167 20000000 902851701 2166459 1683040
0b000001 0b000401 10168 10167 20000000 905918160 1666178 1683040
0b000001 0b000501 10168 10167 20000000 905918160 3338364 1683040
0b000401 0b000001 10168 10169 20000000 908984338 1811416 1683040
0b000001 0b000601 10168 10167 20000000 905918160 5078281 1683040
0b000501 0b000001 10168 10169 20000000 910656524 2079184 1683040
0b000001 0b000701 10168 10167 20000000 905918160 6818281 1683040
0b000601 0b000001 10168 10169 20000000 912196441 2444293 1683040
0b000701 0b000001 10168 10169 20000000 913636441 2166459 1683040
0b000001 0b000401 10170 10169 20000000 916702900 1666178 1683040
0b000001 0b000501 10170 10169 20000000 916702900 3338364 1683040
0b000401 0b000001 10170 10171 20000000 919769078 1811416 1683040
0b000001 0b000601 10170 10169 20000000 916702900 5078281 1683040
0b000501 0b000001 10170 10171 20000000 921441264 2079184 1683040
0b000001 0b000701 10170 10169 20000000 916702900 6818281 1683040
0b000601 0b000001 10170 10171 20000000 922981181 2444293 1683040
0b000701 0b000001 10170 10171 20000000 924421181 2166459 1683040
0b000001 0b000401 10172 10171 20000000 927487640 1666178 1683040
0b000001 0b000501 10172 10171 20000000 927487640 3338364 1683040
0b000401 0b000001 10172 10173 20000000 930553818 1811416 1683040
0b000001 0b000601 10172 10171 20000000 927487640 5078281 1683040
0b000501 0b000001 10172 10173 20000000 932226004 2079184 1683040
0b000001 0b000701 10172 10171 20000000 927487640 6818281 1683040
0b000601 0b000001 10172 10173 20000000 933765921 2444293 1683040
0b000701 0b000001 10172 10173 20000000 935205921 2166459 1683040
0b000001 0b000401 10174 10173 20000000 938272380 1666178 1683040
0b000001 0b000501 10174 10173 20000000 938272380 3338364 1683040
0b000401 0b000001 10174 10175 20000000 941338558 1811416 1683040
0b000001 0b000601 10174 10173 20000000 938272380 5078281 1683040
0b000501 0b000001 10174 10175 20000000 943010744 2079184 1683040
0b000001 0b000701 10174 10173 20000000 938272380 6818281 1683040
0b000601 0b000001 10174 10175 20000000 944550661 2444293 1683040
0b000701 0b000001 10174 10175 20000000 945990661 2166459 1683040
0b000001 0b000401 10176 10175 20000000 949057120 1666178 1683040
0b000001 0b000501 10176 10175 20000000 949057120 3338364 1683040
0b000401 0b000001 10176 10177 20000000 952123298 1811416 1683040
0b000001 0b000601 10176 10175 20000000 949057120 5078281 1683040
0b000501 0b000001 10176 10177 20000000 953795484 2079184 1683040
0b000001 0b000701 10176 10175 20000000 949057120 6818281 1683040
0b000601 0b000001 10176 10177 20000000 955335401 2444293 1683040
0b000701 0b000001 10176 10177 20000000 956775401 2166459 1683040
0b000001 0b000401 10178 10177 20000000 959841860 1666178 1683040
0b000001 0b000501 10178 10177 20000000 959841860 3338364 1683040
0b000401 0b000001 10178 10179 20000000 962908038 1811416 1683040
0b000001 0b000601 10178 10177 20000000 959841860 5078281 1683040
0b000501 0b000001 10178 10179 20000000 964580224 2079184 1683040
0b000001 0b000701 10178 10177 20000000 959841860 6818281 1683040
0b000601 0b000001 10178 10179 20000000 966120141 2444293 1683040
0b000701 0b000001 10178 10179 20000000 967560141 2166459 1683040
0b000001 0b000401 10180 10179 20000000 970626600 1666178 1683040
0b000001 0b000501 10180 10179 20000000 970626600 3338364 1683040
0b000401 0b000001 10180 10181 20000000 973692778 1811416 1683040
0b000001 0b000601 10180 10179 20000000 970626600 5078281 1683040
0b000501 0b000001 10180 10181 20000000 975364964 2079184 1683040
0b000001 0b000701 10180 10179 20000000 970626600 6818281 1683040
0b000601 0b000001 10180 10181 20000000 976904881 2444293 1683040
0b000701 0b000001 10180 10181 20000000 978344881 2166459 1683040
0b000001 0b000401 10182 10181 20000000 981411340 1666178 1683040
0b000001 0b000501 10182 10181 20000000 981411340 3338364 1683040
0b000401 0b000001 10182 10183 20000000 984477518 1811416 1683040
0b000001 0b000601 10182 10181 20000000 981411340 5078281 1683040
0b000501 0b000001 10182 10183 20000000 986149704 2079184 1683040
0b000001 0b000701 10182 10181 20000000 981411340 6818281 1683040
0b000601 0b000001 10182 10183 20000000 987689621 2444293 1683040
0b000701 0b000001 10182 10183 20000000 989129621 2166459 1683040
0b000001 0b000401 10184 10183 20000000 992196080 1666178 1683040
0b000001 0b000501 10184 10183 20000000 992196080 3338364 1683040
0b000401 0b000001 10184 10185 20000000 995262258 1811416 1683040
0b000001 0b000601 10184 10183 20000000 992196080 5078281 1683040
0b000501 0b000001 10184 10185 20000000 996934444 2079184 1683040
0b000001 0b000701 10184 10183 20000000 992196080 6818281 1683040
0b000601 0b000001 10184 10185 20000000 998474361 2444293 1683040
0b000701 0b000001 10184 10185 20000000 999914361 2166459 1683040
0b000001 0b000401 10186 10185 20000000 1002980820 1666178 1683040
0b000001 0b000501 10186 10185 20000000 1002980820 3338364 1683040
0b000401 0b000001 10186 10187 20000000 1006046998 1811416 1683040
0b000001 0b000601 10186 10185 20000000 1002980820 5078281 1683040
0b000501 0b000001 10186 10187 20000000 1007719184 2079184 1683040
0b000001 0b000701 10186 10185 20000000 1002980820 6818281 1683040
0b000601 0b000001 10186 10187 20000000 1009259101 2444293 1683040
0b000701 0b000001 10186 10187 20000000 1010699101 2166459 1683040
0b000001 0b000401 10188 10187 20000000 1013765560 1666178 1683040
0b000001 0b000501 10188 10187 20000000 1013765560 3338364 1683040
0b000401 0b000001 10188 10189 20000000 1016831738 1811416 1683040
0b000001 0b000601 10188 10187 20000000 1013765560 5078281 1683040
0b000501 0b000001 10188 10189 20000000 1018503924 2079184 1683040
0b000001 0b000701 10188 10187 20000000 1013765560 6818281 1683040
0b000601 0b000001 10188 10189 20000000 1020043841 2444293 1683040
0b000701 0b000001 10188 10189 20000000 1021483841 2166459 1683040
0b000001 0b000401 10190 10189 20000000 1024550300 1666178 1683040
0b000001 0b000501 10190 10189 20000000 1024550300 3338364 1683040
0b000401 0b000001 10190 10191 20000000 1027616478 1811416 1683040
0b000001 0b000601 10190 10189 20000000 1024550300 5078281 1683040
0b000501 0b000001 10190 10191 20000000 1029288664 2079184 1683040
0b000001 0b000701 10190 10189 20000000 1024550300 6818281 1683040
0b000601 0b000001 10190 10191 20000000 1030828581 2444293 1683040
0b000701 0b000001 10190 10191 20000000 1032268581 2166459 1683040
0b000001 0b000401 10192 10191 20000000 1035335040 1666178 1683040
0b000001 0b000501 10192 10191 20000000 1035335040 3338364 1683040
0b000401 0b000001 10192 10193 20000000 1038401218 1811416 1683040
0b000001 0b000601 10192 10191 20000000 1035335040 5078281 1683040
0b000501 0b000001 10192 10193 20000000 1040073404 2079184 1683040
0b000001 0b000701 10192 10191 20000000 1035335040 6818281 1683040
0b000601 0b000001 10192 10193 20000000 1041613321 2444293 1683040
0b000701 0b000001 10192 10193 20000000 1043053321 2166459 1683040
0b000001 0b000401 10194 10193 20000000 1046119780 1666178 1683040
0b000001 0b000501 10194 10193 20000000 1046119780 3338364 1683040
0b000401 0b000001 10194 10195 20000000 1049185958 1811416 1683040
0b000001 0b000601 10194 10193 20000000 1046119780 5078281 1683040
0b000501 0b000001 10194 10195 20000000 1050858144 2079184 1683040
0b000001 0b000701 10194 10193 20000000 1046119780 6818281 1683040
0b000601 0b000001 10194 10195 20000000 1052398061 2444293 1683040
0b000701 0b000001 10194 10195 20000000 1053838061 2166459 1683040
0b000001 0b000401 10196 10195 20000000 1056904520 1666178 1683040
0b000001 0b000501 10196 10195 20000000 1056904520 3338364 1683040
0b000401 0b000001 10196 10197 20000000 1059970698 1811416 1683040
0b000001 0b000601 10196 10195 20000000 1056904520 5078281 1683040
0b000501 0b000001 10196 10197 20000000 1061642884 2079184 1683040
0b000001 0b000701 10196 10195 20000000 1056904520 6818281 1683040
0b000601 0b000001 10196 10197 20000000 1063182801 2444293 1683040
0b000701 0b000001 10196 10197 20000000 1064622801 2166459 1683040
0b000001 0b000401 10198 10197 20000000 1067689260 1666178 1683040
0b000001 0b000501 10198 10197 20000000 1067689260 3338364 1683040
0b000401 0b000001 10198 10199 20000000 1070755438 1811416 1683040
0b000001 0b000601 10198 10197 20000000 1067689260 5078281 1683040
0b000501 0b000001 10198 10199 20000000 1072427624 2079184 1683040
0b000001 0b000701 10198 10197 20000000 1067689260 6818281 1683040
0b000601 0b000001 10198 10199 20000000 1073967541 2444293 1683040
0b000701 0b000001 10198 10199 20000000 1075407541 2166459 1683040
0b000001 0b000401 10200 10199 20000000 1078474000 1666178 1683040
0b000001 0b000501 10200 10199 20000000 1078474000 3338364 1683040
0b000401 0b000001 10200 10201 20000000 1081540178 1811416 1683040
0b000001 0b000601 10200 10199 20000000 1078474000 5078281 1683040
0b000501 0b000001 10200 10201 20000000 1083212364 2079184 1683040
0b000001 0b000701 10200 10199 20000000 1078474000 6818281 1683040
0b000601 0b000001 10200 10201 20000000 1084752281 2444293 1683040
0b000701 0b000001 10200 10201 20000000 1086192281 2166459 1683040
0b000001 0b000401 10202 10201 20000000 1089258740 1666178 1683040
0b000001 0b000501 10202 10201 20000000 1089258740 3338364 1683040
0b000401 0b000001 10202 10203 20000000 1092324918 1811416 1683040
0b000001 0b000601 10202 10201 20000000 1089258740 5078281 1683040
0b000501 0b000001 10202 10203 20000000 1093997104 2079184 1683040
0b000001 0b000701 10202 10201 20000000 1089258740 6818281 1683040
0b000601 0b000001 10202 10203 20000000 1095537021 2444293 1683040
0b000701 0b000001 10202 10203 20000000 1096977021 2166459 1683040
0b000001 0b000401 10204 10203 20000000 1100043480 1666178 1683040
0b000001 0b000501 10204 10203 20000000 1100043480 3338364 1683040
0b000401 0b000001 10204 10205 20000000 1103109658 1811416 1683040
0b000001 0b000601 10204 10203 20000000 1100043480 5078281 1683040
0b000501 0b000001 10204 10205 20000000 1104781844 2079184 1683040
0b000001 0b000701 10204 10203 20000000 1100043480 6818281 1683040
0b000601 0b000001 10204 10205 20000000 1106321761 2444293 1683040
0b000701 0b000001 10204 10205 20000000 1107761761 2166459 1683040
0b000001 0b000401 10206 10205 20000000 1110828220 1666178 1683040
0b000001 0b000501 10206 10205 20000000 1110828220 3338364 1683040
0b000401 0b000001 10206 10207 20000000 1113894398 1811416 1683040
0b000001 0b000601 10206 10205 20000000 1110828220 5078281 1683040
0b000501 0b000001 10206 10207 20000000 1115566584 2079184 1683040
0b000001 0b000701 10206 10205 20000000 1110828220 6818281 1683040
0b000601 0b000001 10206 10207 20000000 1117106501 2444293 1683040
0b000701 0b000001 10206 10207 20000000 1118546501 2166459 1683040
0b000001 0b000401 10208 10207 20000000 1121612960 1666178 1683040
0b000001 0b000501 10208 10207 20000000 1121612960 3338364 1683040
0b000401 0b000001 10208 10209 20000000 1124679138 1811416 1683040
0b000001 0b000601 10208 10207 20000000 1121612960 5078281 1683040
0b000501 0b000001 10208 10209 20000000 1126351324 2079184 1683040
0b000001 0b000701 10208 10207 20000000 1121612960 6818281 1683040
0b000601 0b000001 10208 10209 20000000 1127891241 2444293 1683040
0b000701 0b000001 10208 10209 20000000 1129331241 2166459 1683040
0b000001 0b000401 10210 10209 20000000 1132397700 1666178 1683040
0b000001 0b000501 10210 10209 20000000 1132397700 3338364 1683040
0b000401 0b000001 10210 10211 20000000 1135463878 1811416 1683040
0b000001 0b000601 10210 10209 20000000 1132397700 5078281 1683040
0b000501 0b000001 10210 10211 20000000 1137136064 2079184 1683040
0b000001 0b000701 10210 10209 20000000 1132397700 6818281 1683040
0b000601 0b000001 10210 10211 20000000 1138675981 2444293 1683040
0b000701 0b000001 10210 10211 20000000 1140115981 2166459 1683040
0b000001 0b000401 10212 10211 20000000 1143182440 1666178 1683040
0b000001 0b000501 10212 10211 20000000 1143182440 3338364 1683040
0b000401 0b000001 10212 10213 20000000 1146248618 1811416 1683040
0b000001 0b000601 10212 10211 20000000 1143182440 5078281 1683040
0b000501 0b000001 10212 10213 20000000 1147920804 2079184 1683040
0b000001 0b000701 10212 10211 20000000 1143182440 6818281 1683040
0b000601 0b000001 10212 10213 20000000 1149460721 2444293 1683040
0b000701 0b000001 10212 10213 20000000 1150900721 2166459 1683040
0b000001 0b000401 10214 10213 20000000 1153967180 1666178 1683040
0b000001 0b000501 10214 10213 20000000 1153967180 3338364 1683040
0b000401 0b000001 10214 10215 20000000 1157033358 1811416 1683040
0b000001 0b000601 10214 10213 20000000 1153967180 5078281 1683040
0b000501 0b000001 10214 10215 20000000 1158705544 2079184 1683040
0b000001 0b000701 10214 10213 20000000 1153967180 6818281 1683040
0b000601 0b000001 10214 10215 20000000 1160245461 2444293 1683040
0b000701 0b000001 10214 10215 20000000 1161685461 2166459 1683040
0b000001 0b000401 10216 10215 20000000 1164751920 1666178 1683040
0b000001 0b000501 10216 10215 20000000 1164751920 3338364 1683040
0b000401 0b000001 10216 10217 20000000 1167818098 1811416 1683040
0b000001 0b000601 10216 10215 20000000 1164751920 5078281 1683040
0b000501 0b000001 10216 10217 20000000 1169490284 2079184 1683040
0b000001 0b000701 10216 10215 20000000 1164751920 6818281 1683040
0b000601 0b000001 10216 10217 20000000 1171030201 2444293 1683040
0b000701 0b000001 10216 10217 20000000 1172470201 2166459 1683040
0b000001 0b000401 10218 10217 20000000 1175536660 1666178 1683040
0b000001 0b000501 10218 10217 20000000 1175536660 3338364 1683040
0b000401 0b000001 10218 10219 20000000 1178602838 1811416 1683040
0b000001 0b000601 10218 10217 20000000 1175536660 5078281 1683040
0b000501 0b000001 10218 10219 20000000 1180275024 2079184 1683040
0b000001 0b000701 10218 10217 20000000 1175536660 6818281 1683040
0b000601 0b000001 10218 10219 20000000 1181814941 2444293 1683040
0b000701 0b000001 10218 10219 20000000 1183254941 2166459 1683040
0b000001 0b000401 10220 10219 20000000 1186321400 1666178 1683040
0b000001 0b000501 10220 10219 20000000 1186321400 3338364 1683040
0b000401 0b000001 10220 10221 20000000 1189387578 1811416 1683040
0b000001 0b000601 10220 10219 20000000 1186321400 5078281 1683040
0b000501 0b000001 10220 10221 20000000 1191059764 2079184 1683040
0b000001 0b000701 10220 10219 20000000 1186321400 6818281 1683040
0b000601 0b000001 10220 10221 20000000 1192599681 2444293 1683040
0b000701 0b000001 10220 10221 20000000 1194039681 2166459 1683040
0b000001 0b000401 10222 10221 20000000 1197106140 1666178 1683040
0b000001 0b000501 10222 10221 20000000 1197106140 3338364 1683040
0b000401 0b000001 10222 10223 20000000 1200172318 1811416 1683040
0b000001 0b000601 10222 10221 20000000 1197106140 5078281 1683040
0b000501 0b000001 10222 10223 20000000 1201844504 2079184 1683040
0b000001 0b000701 10222 10221 20000000 1197106140 6818281 1683040
0b000601 0b000001 10222 10223 20000000 1203384421 2444293 1683040
0b000701 0b000001 10222 10223 20000000 1204824421 2166459 1683040
0b000001 0b000401 10224 10223 20000000 1207890880 1666178 1683040
0b000001 0b000501 10224 10223 20000000 1207890880 3338364 1683040
0b000401 0b000001 10224 10225 20000000 1210957058 1811416 1683040
0b000001 0b000601 10224 10223 20000000 1207890880 5078281 1683040
0b000501 0b000001 10224 10225 20000000 1212629244 2079184 1683040
0b000001 0b000701 10224 10223 20000000 1207890880 6818281 1683040
0b000601 0b000001 10224 10225 20000000 1214169161 2444293 1683040
0b000701 0b000001 10224 10225 20000000 1215609161 2166459 1683040
0b000001 0b000401 10226 10225 20000000 1218675620 1666178 1683040
0b000001 0b000501 10226 10225 20000000 1218675620 3338364 1683040
0b000401 0b000001 10226 10227 20000000 1221741798 1811416 1683040
0b000001 0b000601 10226 10225 20000000 1218675620 5078281 1683040
0b000501 0b000001 10226 10227 20000000 1223413984 2079184 1683040
0b000001 0b000701 10226 10225 20000000 1218675620 6818281 1683040
0b000601 0b000001 10226 10227 20000000 1224953901 2444293 1683040
0b000701 0b000001 10226 10227 20000000 1226393901 2166459 1683040
0b000001 0b000401 10228 10227 20000000 1229460360 1666178 1683040
0b000001 0b000501 10228 10227 20000000 1229460360 3338364 1683040
0b000401 0b000001 10228 10229 20000000 1232526538 1811416 1683040
0b000001 0b000601 10228 10227 20000000 1229460360 5078281 1683040
0b000501 0b000001 10228 10229 20000000 1234198724 2079184 1683040
0b000001 0b000701 10228 10227 20000000 1229460360 6818281 1683040
0b000601 0b000001 10228 10229 20000000 1235738641 2444293 1683040
0b000701 0b000001 10228 10229 20000000 1237178641 2166459 1683040
0b000001 0b000401 10230 10229 20000000 1240245100 1666178 1683040
0b000001 0b000501 10230 10229 20000000 1240245100 3338364 1683040
0b000401 0b000001 10230 10231 20000000 1243311278 1811416 1683040
0b000001 0b000601 10230 10229 20000000 1240245100 5078281 1683040
0b000501 0b000001 10230 10231 20000000 1244983464 2079184 1683040
0b000001 0b000701 10230 10229 20000000 1240245100 6818281 1683040
0b000601 0b000001 10230 10231 20000000 1246523381 2444293 1683040
0b000701 0b000001 10230 10231 20000000 1247963381 2166459 1683040
0b000001 0b000401 10232 10231 20000000 1251029840 1666178 1683040
0b000001 0b000501 10232 10231 20000000 1251029840 3338364 1683040
0b000401 0b000001 10232 10233 20000000 1254096018 1811416 1683040
0b000001 0b000601 10232 10231 20000000 1251029840 5078281 1683040
0b000501 0b000001 10232 10233 20000000 1255768204 2079184 1683040
0b000001 0b000701 10232 10231 20000000 1251029840 6818281 1683040
0b000601 0b000001 10232 10233 20000000 1257308121 2444293 1683040
0b000701 0b000001 10232 10233 20000000 1258748121 2166459 1683040
0b000001 0b000401 10234 10233 20000000 1261814580 1666178 1683040
0b000001 0b000501 10234 10233 20000000 1261814580 3338364 1683040
0b000401 0b000001 10234 10235 20000000 1264880758 1811416 1683040
0b000001 0b000601 10234 10233 20000000 1261814580 5078281 1683040
0b000501 0b000001 10234 10235 20000000 1266552944 2079184 1683040
0b000001 0b000701 10234 10233 20000000 1261814580 6818281 1683040
0b000601 0b000001 10234 10235 20000000 1268092861 2444293 1683040
0b000701 0b000001 10234 10235 20000000 1269532861 2166459 1683