0b000401 0b000601 10000 100 583699884 0 6207386744 4893812672
0b000601 0b000301 10000 100 583699884 0 10301597409 4893812672
0b000501 0b000401 10000 100 583699884 0 10330435831 4893812672
0b000301 0b000501 10000 100 583699884 0 10758661947 4893812672
0b000401 0b000601 10001 10000 583699884 10357035830 6293283513 4893812672
0b000601 0b000301 10001 10000 583699884 6249386744 13979984286 4893812672
0b000501 0b000401 10001 10000 583699884 10800661947 9973050045 4893812672
0b000301 0b000501 10001 10000 583699884 10328197408 11171494396 4893812672
0b000401 0b000601 10002 10001 583699884 20800311991 6648976006 4893812672
0b000601 0b000301 10002 10001 583699884 16692319343 13573999042 4893812672
0b000501 0b000401 10002 10001 583699884 21541691804 9687209633 4893812672
0b000301 0b000501 10002 10001 583699884 20255971029 11899243446 4893812672
0b000401 0b000601 10003 10002 583699884 31255501436 6644004237 4893812672
0b000601 0b000301 10003 10002 583699884 27491287997 12941890074 4893812672
0b000501 0b000401 10003 10002 583699884 32197214475 9359776328 4893812672
0b000301 0b000501 10003 10002 583699884 30292918384 12202780232 4893812672
